Package	Deadline	Maintainer	Packages	Dependencies	Snapshot
gghighlight	2024-06-17	Hiroaki Yutani	RNAseqQC, Spectran, SqueakR	3	2024-06-24 14:15:06.648295
nestedLogit	2024-06-17	Michael Friendly		0	2024-06-24 14:15:06.648295
autocart	2024-06-20	Ethan Ancell		0	2024-06-24 14:15:06.648295
CARlasso	2024-06-20	Yunyi Shen		0	2024-06-24 14:15:06.648295
fractalRegression	2024-06-20	Aaron Likens		0	2024-06-24 14:15:06.648295
mlrv	2024-06-20	Lujia Bai		0	2024-06-24 14:15:06.648295
seqest	2024-06-20	Xiaoba Pan		0	2024-06-24 14:15:06.648295
visR	2024-06-21	Mark Baillie		0	2024-06-24 14:15:06.648295
databraryr	2024-06-24	Rick O. Gilmore		0	2024-06-24 14:15:06.648295
cucumber	2024-06-25	Jakub Sobolewski		0	2024-06-24 14:15:06.648295
tune	2024-06-26	Max Kuhn	agua, autostats, finetune, finnts, healthyR.ai, HTRX, modeltime.resample, probably, RISCA, shinymodels, stacks, tabnet, text, tidyclust, tidymodels, tidyposterior, tidysdm, usemodels, viralmodels, workflowsets, tidybins, TidyConsultant, healthyverse, PsychWordVec, modeltime, OddsPlotty, rUM, healthyR.ts, tidyAML, MLDataR	30	2024-06-24 14:15:06.648295
DALEXtra	2024-06-26	Szymon Maksymiuk	tidysdm, viralx	2	2024-06-24 14:15:06.648295
cophescan	2024-06-26	Ichcha Manipur		0	2024-06-24 14:15:06.648295
NADIA	2024-06-26	Jan Borowski		0	2024-06-24 14:15:06.648295
regressinator	2024-06-26	Alex Reinhart		0	2024-06-24 14:15:06.648295
openxlsx	2024-06-27	Philipp Schauberger	act, agena.ai, anabel, AntibodyTiters, aoristic, aquodom, augmentedRCBD, autoGO, baizer, BayesBP, BeeBDC, bibliometrix, BiostatsUHNplus, blrm, BrazilCrime, bulkreadr, bursa, cats, CDSS, CLME, coefa, CohortPlat, COINr, compareDF, condformat, conmet, CoTiMA, CUFF, datadictionary, dataframeexplorer, defineR, do, dQTG.seq, easysurv, editData, emdi, epitweetr, espadon, export, exvatools, fasstr, genekitr, gerbil, gmoTree, GRShiny, GWASinspector, HadamardR, HiResTEC, Holomics, idcnrba, IDEATools, ie2misc, immcp, interca, iopspackage, isoorbi, ispdata, izmir, joinXL, jstager, KHQ, KLINK, knitxl, kutils, lares, lessR, libr, LifeInsureR, LLSR, MacBehaviour, macrocol, MainExistingDatasets, MetAlyzer, MFO, MHCtools, mimsy, miRetrieve, MLMOI, mpindex, NormData, odk, OenoKPM, OHCSpackage, One4All, OpenRepGrid, OpenRepGrid.ic, OralOpioids, oreo, ORFID, Pandora, povmap, presenter, psidR, qdap, QTL.gCIMapping, QTL.gCIMapping.GUI, qualitycontrol, rADA, RALSA, rbiom, REDCapDM, repana, reproducer, RGAP, RJafroc, Rtrack, saeTrafo, samr, sccca, scorecard, seasonalview, SEERaBomb, sherlock, shinypivottabler, sistec, SNPannotator, Spectran, survout, tablaxlsx, tablexlsx, tatoo, TestAnaAPP, tigerhitteR, umx, upstartr, uscoauditlog, varitas, whSample, word.alignment, xlsx2dfs, zoomGroupStats, plutor, PWIR, tosr, metaConvert, mojson, base.rms, cutoff, ggrisk, msig, nomogramFormula, set, ggplotAssist, rrtable, SemNetCleaner, HDOMDesign, rockchalk, stationery, tabledown, LDLcalc, Robyn, CliquePercolation, starvars, sassy, LifeInsuranceContracts, autostats, TidyConsultant, disclosuR, NLPutils, WhatsR, SMDIC, tidybins, negligible, r2mlm, rewie, semPlot, webr, scicomptools, bnpa, dySEM, EGAnet, lavaan.shiny, lcsm, lvnet, RSP, semdrw, semptools, vampyr, latentFactoR	179	2024-06-24 14:15:06.648295
ucminf	2024-06-27	K Hervé Dakpo	Benchmarking, ei, eicm, misclassGLM, MixSemiRob, mvord, optimg, optimizeR, ordgam, ordinal, orloca, phenofit, sfaR, SPreg, vcrpart, additiveDEA, Compind, farrell, hyperbolicDEA, jackstrap, npbr, rcDEA, skipTrack, ao, AutoScore, BayesOrdDesign, crch, drord, ecoCopula, GLMcat, jomo, metaSDTreg, MXM, optimus, pda, projpred, RcmdrPlugin.MPAStats, remiod, serp, orloca.es, RcmdrPlugin.orloca, micEconDistRay, exdqlm, MortalityGaps, ecopower, ecostats, micemd, mitml, clusterMI, mice, miceafter, psfmi, accelmissing, autoReg, BaM, basecamb, bootImpute, CALIBERrfimpute, dlookr, dynr, eatRep, finalfit, gFormulaMI, ggmice, HardyWeinberg, hhsmm, hot.deck, howManyImputations, idem, ImputeRobust, intmed, JWileymisc, logistf, MatchThem, mi4p, micd, miceadds, mifa, MIIPW, missCompare, missMDA, mixgb, MixtureMissing, mlim, MRPC, MSiP, NADIA, NIMAA, OTrecod, RBtest, realTimeloads, RfEmpImp, rqlm, semmcci, seqimpute, SLOPE, smdi, sociome, StackImpute, superMICE, SynDI, TestDataImputation, vsmi, weights, alookr, gtexture, compareGroups, MultiPhen, ToolsForCoDa, RNAseqNet, mind, multilevelTools, pscore, AUtests, mDAG, multisite.accuracy, pogit, Surrogate, BIFIEsurvey, Conigrave, mdmb, MKinfer, Factoshiny, geneticae, imp4p, INSPIRE, geneSLOPE, sgs, DIFplus, anesrake, DeepLearningCausal, exploratory, ezr, lctools, maic, matchMulti, poliscidata, PPbigdata, RCPA3, smacof, smacofx, smicd, MultiObjMatch, MKpower, npboottprm, AnthropMMD, asymmetry, cops, ecoregime, fmdu, FreeSortR, mappoly, MDSMap, mdsOpt, networktools, onemap, stops, lmap, qtlpoly, polymapR, bootnet, NetworkComparisonTest, NetworkComparr, bootwar, npboottprmFBar, powerly	166	2024-06-24 14:15:06.648295
signal	2024-06-27	Uwe Ligges	AEDForecasting, andurinha, ARGOS, biosignalEMG, breathtestcore, callsync, chipPCR, clinmon, clintools, communication, control, detectR, dplR, E4tools, eegkit, erah, erp.easy, eseis, forceplate, garma, GENEAclassify, GGIR, iemisc, imagefx, impactr, ir, IRISMustangMetrics, IRISSeismic, KneeArrower, L2E, locaR, MALDIrppa, matrixProfile, MIMSunit, mousetRajectory, movementsync, msdrought, musclesyneRgies, oceanwaves, OpenSpecy, PAMmisc, PAMpal, pawscore, perARMA, phase, ProTrackR, PupillometryR, PupilPre, ravetools, rchemo, realTimeloads, RespirAnalyzer, Rivivc, Rnmr1D, rwavelet, saccadr, sgolay, soundClass, soundgen, spant, spectacles, spectralAnalysis, spiro, sysid, tagtools, TBEST, trajr, tswge, tuneR, wearables, workloopR, breathteststan, MBmca, dendroNetwork, dendroTools, detrendeR, dfoliatR, iadf, mbr, measuRing, MtreeRing, pointRes, TRADER, xRing, agcounts, mMARCH.AC, postGGIR, RobRegression, MSclassifR, PAMscapes, expowo, praatpicture, voiceR, waves, AcousticNDLCodeR, AmigaFFH, ari, aws.polly, bioacoustics, dynaSpec, karaoke, monitoR, mscstts, NatureSounds, ohun, phonfieldwork, rPraat, Rraven, seewave, sonicscrewdriver, sonify, soundecology, SoundShape, text2speech, ThreeWiseMonkeys, voice, warbleR, ARUtools, musicNMR	119	2024-06-24 14:15:06.648295
pamr	2024-06-27	Rob Tibshirani 	AutoPipe, mpath, nlcv, stylo, bujar, irboost, nbfar, NBtsVarSel	8	2024-06-24 14:15:06.648295
decon	2024-06-27	Xiao-Feng Wang	lpme	1	2024-06-24 14:15:06.648295
maxnodf	2024-06-27	Christoph  Hoeppke		0	2024-06-24 14:15:06.648295
MPCR	2024-06-27	Sameh Abdulah		0	2024-06-24 14:15:06.648295
reservr	2024-06-27	Alexander Rosenstock		0	2024-06-24 14:15:06.648295
synthesis	2024-06-27	Ze Jiang		0	2024-06-24 14:15:06.648295
VAJointSurv	2024-06-27	Benjamin Christoffersen		0	2024-06-24 14:15:06.648295
antaresRead	2024-06-28	Tatiana Vargas	antaresEditObject, antaresProcessing, antaresViz	3	2024-06-24 14:15:06.648295
GaSP	2024-06-28	William J. Welch		0	2024-06-24 14:15:06.648295
orbweaver	2024-06-28	Andres Quintero		0	2024-06-24 14:15:06.648295
tsibble	2024-06-29	Earo Wang	brolgar, ctsfeatures, cubble, epe4md, fable, fable.ata, fable.prophet, fableCount, fabletools, feasts, fpp3, gratis, gravitas, iNZightTS, netseer, nixtlar, nullabor, oddnet, RTL, theft, tidyindex, tsibbledata, tsibbletalk, TSstudio, UComp, UKgrid, USgrid, vital, finnts, metaviz, regressinator, theftdlc	32	2024-06-24 14:15:06.648295
erer	2024-06-29	Changyou Sun	apt	1	2024-06-24 14:15:06.648295
ordinal	2024-06-30	Rune Haubo Bojesen Christensen	AutoScore, BayesOrdDesign, crch, drord, ecoCopula, GLMcat, jomo, metaSDTreg, MXM, optimus, pda, projpred, RcmdrPlugin.MPAStats, remiod, serp, exdqlm, MortalityGaps, ecopower, ecostats, micemd, mitml, clusterMI, mice, miceafter, psfmi, accelmissing, autoReg, BaM, basecamb, bootImpute, CALIBERrfimpute, dlookr, dynr, eatRep, finalfit, gFormulaMI, ggmice, HardyWeinberg, hhsmm, hot.deck, howManyImputations, idem, ImputeRobust, intmed, JWileymisc, logistf, MatchThem, mi4p, micd, miceadds, mifa, MIIPW, missCompare, missMDA, mixgb, MixtureMissing, mlim, MRPC, MSiP, NADIA, NIMAA, OTrecod, RBtest, realTimeloads, RfEmpImp, rqlm, semmcci, seqimpute, SLOPE, smdi, sociome, StackImpute, superMICE, SynDI, TestDataImputation, vsmi, weights, alookr, gtexture, compareGroups, MultiPhen, ToolsForCoDa, RNAseqNet, mind, multilevelTools, pscore, AUtests, mDAG, multisite.accuracy, pogit, Surrogate, BIFIEsurvey, Conigrave, mdmb, MKinfer, Factoshiny, geneticae, imp4p, INSPIRE, geneSLOPE, sgs, DIFplus, anesrake, DeepLearningCausal, exploratory, ezr, lctools, maic, matchMulti, poliscidata, PPbigdata, RCPA3, smacof, smacofx, smicd, MultiObjMatch, MKpower, npboottprm, AnthropMMD, asymmetry, cops, ecoregime, fmdu, FreeSortR, mappoly, MDSMap, mdsOpt, networktools, onemap, stops, lmap, qtlpoly, polymapR, bootnet, NetworkComparisonTest, NetworkComparr, bootwar, npboottprmFBar, powerly	139	2024-06-24 14:15:06.648295
gbm	2024-06-30	Ridgeway Greg	autoMrP, biomod2, Bodi, bonsaiforest, bst, bujar, countSTAR, CoxAIPW, CRE, crispRdesignR, crossurr, DeepLearningCausal, ecospat, enmSdmX, EnsembleBase, EpiSemble, evalITR, EZtune, GB5mcPred, gbm.auto, gbm2sas, gbts, inTrees, lilikoi, LOGANTree, metaEnsembleR, MiDA, mma, mob, mvGPS, OpEnHiMR, paths, pomodoro, precmed, PSweight, qeML, ranktreeEnsemble, rgnoisefilt, RSDA, scorecardModelUtils, SDMtune, spm, spm2, SSDM, statVisual, traineR, tsensembler, twang, twangContinuous, twangMediation, visualpred, WaveletGBM, xgrove, gecko, mpath, wallace, EnsembleCV, EnsemblePCReg, EnsemblePenReg, mmabig, causal.decomp, RCTrep, ggESDA, symbolicDA, stepgbm, steprf, predictoR, regressoR, CERFIT, CIMTx, cmprskcoxmsm, IRexamples, OVtool, riAFTBART, SBdecomp, semicmprskcoxmsm, irboost, nbfar, NBtsVarSel, mdsOpt	80	2024-06-24 14:15:06.648295
fresh	2024-06-30	Victor Perrier	bs4Dash, CCWeights, periscope, periscope2, shinydashboardPlus, shinySbm, designer, fdapaceShiny, Holomics, irtawsi, omicsTools, PERK, activAnalyzer, AovBay, CaPO4Sim, deBif, discoveR, forecasteR, HKRbook, kesernetwork, loadeR, Multiaovbay, OpenRepGrid.ic, phecodemap, predictoR, RawHummus, regressoR, ReviewR, ShinyLink, T2Qv, tRigon, vvshiny	32	2024-06-24 14:15:06.648295
matlab	2024-06-30	P. Roebuck	align, CopulaREMADA, FactorCopula, GGIRread, iemisc, perARMA, StReg, tagtools, weightedCL, actilifecounts, GGIR, agcounts, mMARCH.AC, postGGIR	14	2024-06-24 14:15:06.648295
conrad	2024-06-30	Howard Baek	text2speech, ari, dynaSpec	3	2024-06-24 14:15:06.648295
processmapR	2024-06-30	Gert Janssenswillen	bupaverse, heuristicsmineR, processanimateR	3	2024-06-24 14:15:06.648295
rcorpora	2024-06-30	Gábor Csárdi	crsra, foreSIGHT	2	2024-06-24 14:15:06.648295
GAS	2024-06-30	Leopoldo Catania	BEKKs	1	2024-06-24 14:15:06.648295
matchMulti	2024-06-30	Sam Pimentel	MultiObjMatch	1	2024-06-24 14:15:06.648295
quantspec	2024-06-30	Tobias Kley	mlmts	1	2024-06-24 14:15:06.648295
AquaBEHER	2024-06-30	Robel Takele		0	2024-06-24 14:15:06.648295
CerioliOutlierDetection	2024-06-30	Christopher G. Green		0	2024-06-24 14:15:06.648295
cit	2024-06-30	Joshua Millstein		0	2024-06-24 14:15:06.648295
CohortSurvival	2024-06-30	Edward Burn		0	2024-06-24 14:15:06.648295
csalert	2024-06-30	Richard Aubrey White		0	2024-06-24 14:15:06.648295
dafishr	2024-06-30	Fabio Favoretto		0	2024-06-24 14:15:06.648295
datagovsgR	2024-06-30	Clinton Wong		0	2024-06-24 14:15:06.648295
DiSCos	2024-06-30	David Van Dijcke		0	2024-06-24 14:15:06.648295
escalation	2024-06-30	Kristian Brock		0	2024-06-24 14:15:06.648295
iopspackage	2024-06-30	Christiaan Pieterse		0	2024-06-24 14:15:06.648295
irtawsi	2024-06-30	Hari Purnomo Susanto		0	2024-06-24 14:15:06.648295
metrica	2024-06-30	Adrian A. Correndo		0	2024-06-24 14:15:06.648295
moderndive	2024-06-30	Albert Y. Kim		0	2024-06-24 14:15:06.648295
mxsem	2024-06-30	Jannik H. Orzek		0	2024-06-24 14:15:06.648295
PUPAIM	2024-06-30	Chester C. Deocaris		0	2024-06-24 14:15:06.648295
rassta	2024-06-30	Bryan A. Fuentes		0	2024-06-24 14:15:06.648295
rdataretriever	2024-06-30	Henry Senyondo		0	2024-06-24 14:15:06.648295
rgexf	2024-06-30	George Vega Yon		0	2024-06-24 14:15:06.648295
rpmodel	2024-06-30	Benjamin Stocker		0	2024-06-24 14:15:06.648295
Rveg	2024-06-30	Přemysl Král		0	2024-06-24 14:15:06.648295
semTests	2024-06-30	Jonas Moss		0	2024-06-24 14:15:06.648295
soiltestcorr	2024-06-30	Adrian A. Correndo		0	2024-06-24 14:15:06.648295
StepReg	2024-06-30	Junhui Li		0	2024-06-24 14:15:06.648295
survival666	2024-06-30	Honglu Zhang		0	2024-06-24 14:15:06.648295
taxonbridge	2024-06-30	Werner Veldsman		0	2024-06-24 14:15:06.648295
track2KBA	2024-06-30	Martin Beal		0	2024-06-24 14:15:06.648295
treedata.table	2024-06-30	Cristian Roman-Palacios		0	2024-06-24 14:15:06.648295
webSDM	2024-06-30	Giovanni Poggiato		0	2024-06-24 14:15:06.648295
xxdi	2024-06-30	Nilabhra Rohan Das		0	2024-06-24 14:15:06.648295
robustbase	2024-07-01	Martin Maechler	BIGL, bigleaf, bigutilsr, biwt, BMA, bulletr, cauphy, ccaPP, cellWise, CerioliOutlierDetection, chemometrics, chipPCR, classmap, complmrob, compositions, crmReg, cvTools, dataMaid, dataquieR, dataReporter, ddalpha, DeCAFS, DetMCD, DetR, dfphase1, dmbc, dmm, enetLTS, envoutliers, epmrob, ergm, facmodCS, facmodTS, fAssets, fMRIscrub, fpc, fPortfolio, funcharts, georob, geoTS, Gmedian, GNSSseg, groc, GSE, GWmodel, highfrequency, hpiR, invacost, IRon, JWileymisc, KRMM, L2E, lessR, lolR, MAINT.Data, MALDIrppa, mastif, MBmca, MendelianRandomization, metRology, MixSemiRob, MKmisc, MKomics, mmiCATs, ModTools, movieROC, mrct, MRZero, mvMonitoring, mvoutlier, MVTests, otrimle, OutliersO3, pcalg, pchc, PCRA, perryExamples, PhylogeneticEM, PlasmaMutationDetector, PlasmaMutationDetector2, PupilPre, pyinit, qGaussian, qpcR, qqconf, qqplotr, RcmdrPlugin.PcaRobust, RCTS, regrrr, rlme, RMSS, roahd, robCompositions, RobExtremes, robfilter, robflreg, robmed, RobMixReg, robnptests, RobPer, robreg3S, RobStatTM, robust, RobustAFT, robustbetareg, robustHD, robustlmm, robustsur, robustvarComp, robustX, rofanova, rospca, rpls, RPPASPACE, rrcov, rrcov3way, rrcovHD, rrcovNA, sdcMicro, semiArtificial, ShapleyOutlier, shotGroups, SOHPIE, SpatialBSS, splithalf, sscor, ssMRCD, ssmrob, StatDA, Taba, tergm, tsqn, TVMM, univOutl, VIM, weird, REddyProc, bigsnpr, pcadapt, BCEE, clustvarsel, Ecfun, maclogp, mlogitBMA, nanostringr, ConfidenceEllipse, RDnp, robStepSplitReg, srlars, Arothron, CoDaImpact, codaredistlm, countprop, ggtern, gmGeostats, HybridMicrobiomes, itraxR, metamicrobiomeR, MRPC, multilevelcoda, powerPLS, QFASA, simmr, Toothnroll, Unico, vdar, CenBAR, curvir, FWDselect, GRNNs, l1spectral, mogavs, OPTS, SCtools, STOPES, Anthropometry, curveDepth, pdSpecEst, RepeatedHighDim, TukeyRegion, Bergm, BFpack, bigergm, btergm, dnr, EpiModel, ergm.count, ergm.ego, ergm.multi, ergm.rank, ergMargins, ergmgp, ergmito, fergm, latentnet, mlergm, nemBM, netmediate, RDS, statnet, statnetWeb, tergmLite, VBLPCM, xergm.common, beadplexr, bootcluster, Canek, clusEvol, clusterMI, clustrd, coca, conjoint, dann, DIscBIO, drclust, FADPclust, ICSClust, immunarch, IPCAPS, lsirm12pl, MEGENA, mlr3cluster, NIMAA, nullabor, pathfindR, RaceID, RPANDA, sae.prop, SPARTAAS, stream, truh, tspmeta, wskm, BLCOP, RMOPI, sephora, sta, ctmm, Kmedians, ktaucenters, Compind, GeoWeightedModel, SpatialRegimes, mind, multilevelTools, pscore, CliquePercolation, starvars, MSclassifR, bayes4psy, BayesRS, footBayes, masscor, BiDAG, causalDisco, clustNet, eff2, kpcalg, mDAG, micd, NetCoupler, pcgen, qtlnet, SID, tpc, Compositional, metap, ARCensReg, asremlPlus, ggResidpanel, MKpower, squat, baker, CMMs, robmedExtra, mvDFA, RPEIF, RPESE, RRBoost, adventr, outliers.ts.oga, gamreg, PAMhm, sparseLTSEigen, bigdatadist, DepthProc, geneticae, ICSShiny, mcrPioda, pmartR, QuadratiK, riv, RobAStBase, robustfa, rstanbdp, TCIU, ExplainPrediction, BSSoverSpace, adamethods, lfproQC, missCompare, NADIA, onlineBcp, promor, simPop, simputation, BAwiR, morphomap, BANAM, BGGM, Bestie, locStra, PRSPGx, RapidoPGS, klic, CompositionalML, amt, ctpm, familial, OptimaRegion, Ecdat, cocktailApp, sjSDM, tricolore, RMBC, collpcm, MEclustnet, DDPNA, CB2, ICDS, metapro, PEACH, mlr3verse, metaviz, regressinator, Neighboot, sspse, REddyProcNCDF, RobLox, ROptEst, RPEGLMEN, rEMM, streamConnect, streamMOA, ITNr, easybgm, DWreg, gk, BioM2, RobLoxBioC, BDWreg	351	2024-06-24 14:15:06.648295
sparsegl	2024-07-01	Daniel J. McDonald	absorber	1	2024-06-24 14:15:06.648295
clrng	2024-07-01	Ruoyong Xu		0	2024-06-24 14:15:06.648295
fCWTr	2024-07-01	Lukas Schneiderbauer		0	2024-06-24 14:15:06.648295
cubar	2024-07-02	Hong Zhang		0	2024-06-24 14:15:06.648295
cwbtools	2024-07-02	Andreas Blaette		0	2024-06-24 14:15:06.648295
nanoparquet	2024-07-02	Gábor Csárdi		0	2024-06-24 14:15:06.648295
ndtv	2024-07-02	Skye Bender-deMoll		0	2024-06-24 14:15:06.648295
opencage	2024-07-02	Daniel Possenriede		0	2024-06-24 14:15:06.648295
lme4	2024-07-03	Ben Bolker	abn, actuaRE, afex, agRee, agriutilities, AgroR, aihuman, altmeta, arm, ARTool, attrib, autoMrP, bapred, bayesammi, BayesCACE, BayesLN, BayesSenMC, baystability, BCClong, BClustLonG, BFpack, blme, blmeco, boot.pval, BradleyTerry2, breakaway, brokenstick, buildmer, cAIC4, car, carcass, cgam, chngpt, cito, ciTools, CleaningValidation, climwin, clinicalsignificance, clintools, CLME, clusteredinterference, CompositeReliability, confintROB, cpr, CR2, crctStepdown, CRTspat, cv, cvms, dataquieR, daySupply, DClusterm, demic, designr, dfmeta, DHARMa, diagmeta, difR, dmlalg, doremi, eatRep, EdSurvey, eefAnalytics, effects, eirm, epr, ESTER, evolvability, ez, faraway, fastFMM, faux, fence, finalfit, fishmethods, fullfact, galamm, gamm4, geeasy, geex, glm.predict, glmertree, glmm.hp, GLMMcosinor, glmmEP, glmmPen, GLMMRR, glmmSeq, glmmTMB, GLMpack, gorica, grafify, gtheory, gvcR, HeritSeq, ib, iccbeta, IDmeasurer, IMTest, inferference, influence.ME, INLAjoint, INSPECTumours, inti, intRvals, isni, jlctree, jlmerclusterperm, joineRML, jomo, jstable, JWileymisc, KenSyn, konfound, lefko3, LEGIT, likelihoodR, LKT, lme4breeding, LMERConvenienceFunctions, lmerTest, LongDat, longpower, longsurr, LSAmitR, macc, MAGNAMWAR, manymodelr, MargCond, marked, mbest, MCM, MDMR, mecor, MedianaDesigner, mediation, MEMSS, merDeriv, merTools, meta, metamicrobiomeR, metamisc, metan, metaplus, MF.beta4, micemd, MiRKAT, misty, mixAK, MixedPsy, MixRF, MLID, mlma, mlmhelpr, mlmpower, mlmRev, mlmtools, MLMusingR, mlVAR, MMeM, modnets, mult.latent.reg, multiblock, multid, multiDimBio, multilevelmod, multilevelTools, MultiRR, multisite.accuracy, MultisiteMediation, multitool, mvMISE, MXM, mxnorm, netmediate, OlinkAnalyze, omics, packDAMipd, pamm, panelr, partR2, pastaPlot, PBImisc, pbkrtest, pcgen, pdR, pedigreemm, peramo, Phenotype, PheVis, phoenics, phyr, piecewiseSEM, plgraphics, PLmixed, PoolTestR, powerbydesign, predictmeans, predint, PrevMap, projpred, psfmi, PStrata, PSweight, psycModel, ptmixed, PUMP, pwlmm, qape, qra, quest, r2mlm, rADA, raincin, Rcmdr, RcmdrPlugin.TeachStat, refund, refund.shiny, reghelper, registr, regplot, REndo, repmod, reproducer, rewie, RLRsim, robustBLME, robustlmm, rockchalk, rosetta, rpql, rptR, rr2, RRreg, rsq, rstanarm, rties, RVAideMemoire, sae, saeczi, sdmTMB, semEff, ShinyItemAnalysis, SIAmodules, SignacX, siland, SimplyAgree, simr, skpr, SlaPMEG, smicd, SoyNAM, spAbundance, SPCDAnalyze, specr, splithalf, spOccupancy, spsurvey, squid, stabiliser, stability, standardize, statgenGxE, statgenSTA, stevemisc, StroupGLMM, structree, Surrogate, surrosurv, svylme, swaprinc, swCRTdesign, TcGSA, tramME, trouBBlme4SolveR, tukeytrend, ubms, unmarked, VAJointSurv, varTestnlme, VCA, vcPB, VetResearchLMM, vglmer, warpMix, WebPower, weights, welchADF, WeMix, ZLAvian, BiostatsUHNplus, bruceR, jmv, pwr2ppl, r2glmm, statsExpressions, Superpower, CIMTx, dnr, eeptools, FindIt, footBayes, geomod, interplot, list, mi, migui, qgcomp, qgcompint, rr, rwicc, SEIRfansy, SelectionBias, SynDI, wfe, BANAM, BGGM, brxx, gosset, adventr, AER, AFR, aggTrees, AICcPermanova, alr4, anacor, ANOVAIREVA, AovBay, apaTables, apc, aPCoA, apt, ardl.nardl, ART, AutoScore, BayesianMediationA, bayesLife, bbw, BetterReg, bgmm, BioPred, blorr, candisc, clptheory, Cluster.OBeu, CMHNPA, cna, colocPropTest, compindexR, ConnectednessApproach, Countr, cprobit, Deducer, DEGRE, dhglm, DIDmultiplegtDYN, DistatisR, DJL, drc, dynlm, dynr, EasyDescribe, ecm, eda4treeR, EffectLiteR, envoutliers, ERSA, EvaluateCore, eventstudyr, FactoMineR, fingerPro, fitplc, forestmangr, FSA, fxregime, gcmr, genridge, gma, granova, GrimR, GroupComparisons, gWQS, HanStat, heplots, hysteresis, ibd, iClick, interactionR, iNZightRegression, itemanalysis, its.analysis, ivreg, lambdaTS, ldamatch, lidaRtRee, lilikoi, LipidomicsR, lmviz, LPGraph, LSDsensitivity, matlib, MDMA, medflex, miceafter, micEconCES, MIIVsem, mixlm, mlrpro, mma, mmabig, mmibain, ModTools, MorphoTools2, MPGE, MSclassifR, MTest, MultBiplotR, Multiaovbay, mvdalab, mvinfluence, MVN, My.stepwise, nardl, ndi, nearfar, neatStats, nestedLogit, NHPoisson, NitrogenUptake2016, NonlinearTSA, NormData, olsrr, oncoPredict, onewaytests, papeR, phia, plsRglm, PointFore, polimetrics, poliscidata, prettyglm, PROreg, pubh, quantification, quickregression, r2spss, radiant.data, radiant.model, radiant.multivariate, randomForestVIP, rasclass, RcmdrMisc, RcmdrPlugin.NMBU, RcmdrPlugin.survival, RCPA3, RegAssure, regtools, RESI, rstatix, SAEval, SARP.compo, scan, scorecardModelUtils, ScottKnottESD, sdamr, sdcMicro, seedreg, SemNeT, SignifReg, SimNPH, SimTimeVar, spANOVA, spldv, ssMRCD, starry, stats4teaching, Statsomat, stepp, systemfit, tern, tidycomm, tidySEM, tstests, twowaytests, VIM, volker, zetadiv, cgaim, csurvey, InteractionPoweR, pssmooth, EPLSIM, i2extras, insurancerating, trending, explainer, oHMMed, BayesianTools, bizicount, eDITH, DIFshiny, TestAnaAPP, tidyEdSurvey, MOTE, multifear, negligible, npIntFactRep, psychReport, psyntur, RcmdrPlugin.EACSPIR, TriMatch, mcen, sgs, ggFishPlots, crosslag, fPASS, lwqs, mgcViz, MJMbamlss, vagam, voxel, tern.gee, RCTrep, REMLA, FREEtree, gmvjoint, iccCounts, mecoturn, mtscr, twosigma, jmBIG, mitml, jsmodule, mind, pscore, agriTutorial, CUFF, lmerPerm, MicrobiomeStat, mmiCATs, NCC, replicateBE, rtpcr, PSS.Health, RWildbook, coxed, EMAS, exploratory, hdmed, maczic, mediationsens, AID, aides, crossnma, EvidenceSynthesis, gemtc, metabolic, metainc, metarep, metasens, metaumbrella, miniMeta, MultiPhen, netmeta, NMAoutlier, nmarank, clusterMI, MCARtest, opGMMassessment, funtimes, mnet, dpm, Przewodnik, GHap, causal.decomp, BiodiversityR, RcmdrPlugin.aRnova, RcmdrPlugin.BiclustGUI, RcmdrPlugin.BWS1, RcmdrPlugin.BWS2, RcmdrPlugin.BWS3, RcmdrPlugin.cpd, RcmdrPlugin.DCCV, RcmdrPlugin.DCE, RcmdrPlugin.depthTools, RcmdrPlugin.DoE, RcmdrPlugin.EBM, RcmdrPlugin.EcoVirtual, RcmdrPlugin.Export, RcmdrPlugin.EZR, RcmdrPlugin.FactoMineR, RcmdrPlugin.GWRM, RcmdrPlugin.HH, RcmdrPlugin.KMggplot2, RcmdrPlugin.MA, RcmdrPlugin.MPAStats, RcmdrPlugin.orloca, RcmdrPlugin.PcaRobust, RcmdrPlugin.RiskDemo, RcmdrPlugin.RMTCJags, RcmdrPlugin.ROC, RcmdrPlugin.sos, RcmdrPlugin.TeachingDemos, RcmdrPlugin.temis, RcmdrPlugin.UCA, RcmdrPlugin.WorldFlora, funmediation, mMARCH.AC, mxfda, postGGIR, rmfanova, sparseFLMM, LLM, GEVACO, ordPens, qtlpoly, semPlot, aniDom, stepjglm, BayesPostEst, bayesrules, evidence, fbst, IRexamples, tidyposterior, webSDM, basecamb, fabPrediction, FIESTAutils, saeBest, saePseudo, RSP, ARUtools, peacesciencer, AHMbook, AICcmodavg, AMModels, nmixgof, mcradds, psychonetrics, STB, VFP, anesrake, DeepLearningCausal, ezr, lctools, maic, matchMulti, PPbigdata, smacof, smacofx, chantrics, civ, clespr, clusterSEs, controlfunctionIV, ddml, dLagM, gplm, interflex, ivdoctr, prodest, RCT2, rdd, rddapp, rddtools, rdlocrand, scqe, enmSdmX, longit, Petersen, sars, soiltestcorr, temperatureresponse, mlmts, EloSteepness, DPTM, bayesPop, easybgm, ggrasp, AlleleShift, ChineseNames, PsychWordVec, MultivariateAnalysis, SurveyCC, causalHyperGraph, cnaOpt, frscore, oii, AgroReg, beadplexr, drcSeedGerm, drcte, dynamAedes, ec50estimator, envalysis, ezec, QurvE, staRdom, stressaddition, VDAP, ARDL, CADFtest, meboot, IPDFileCheck, CAinterprTools, CINNA, ClustBlock, Compind, denoiseR, discoveR, factoextra, FactoInvestigate, Factoshiny, fdm2id, fmf, GDAtools, ggfacto, gspcr, HDoutliers, HistDAWass, HotellingEllipse, Indicator, interca, mFD, mimi, missMDA, MLGL, OptiSembleForecasting, OTrecod, packMBPLSDA, powdR, R.temis, RclusTool, rKOMICS, RSDA, SensMap, SensoMineR, soc.ca, SPARTAAS, SQI, tetraclasse, uHMM, visualpred, wilson, Xplortext, brada, FIESTA, hilldiv, omu, voiceR, rnmamod, CompMix, wqspt, ICSClust, ispd, pbbd, slr, ivgets, OneSampleMR, robust2sls, LPKsample, LPsmooth, MultiObjMatch, biplotbootGUI, dymo, hyperoverlap, IOLS, panelSUR, smallstuff, VIRF, missCompare, sem, ggpicrust2, gimme, MIIVefa, mice, tabledown, DFA.CANCOR, KarsTS, fragility, rankinma, RepeatedHighDim, ssifs, viscomp, phyloTop, EDOtrans, bootPLS, plsRbeta, plsRcox, epiomics, radiant, radiant.basics, radiant.design, brsim, mpae, partools, qeML, toweranNA, dumbbell, ggpubr, GimmeMyPlot, microbial, microdiluteR, qPCRhelper, qPCRtools, reportRmd, SqueakR, tcgaViz, vannstats, vvdoctor, scplot, bnpa, dySEM, EGAnet, lavaan.shiny, lcsm, lvnet, semdrw, semptools, vampyr, AnthropMMD, asymmetry, cops, ecoregime, fmdu, FreeSortR, mappoly, MDSMap, mdsOpt, networktools, onemap, stops, elastes, multifamm, randnet, ggstatsplot, JustifyAlpha, cancerGI, ChainLadder, diffusion, erer, micEconAids, micEconSNQP, sampleSelection, SIRE, tvReg, chevron, teal.modules.clinical, teal.modules.general, tern.mmrm, trendeval, PSAboot, lfproQC, NADIA, onlineBcp, promor, robCompositions, simPop, simputation, bootCT, clmplus, latentFactoR, ASRgenomics, compindPCA, disto, drclust, ggheatmap, hclusteasy, ihclust, immcp, immunarch, jrSiCKLSNMF, KMEANS.KNN, LDABiplots, metaCluster, MissCP, MSmix, PhageCocktail, sejmRP, statgenHTP, statVisual, SurvHiDim, TOmicsVis, tRigon, WormTensor, lmap, adestr, ale, AnanseSeurat, AnnoProbe, APCI, APCtools, asmbPLS, baker, BayesianPlatformDesignTimeTrend, BayesMultiMode, bayMDS, bdl, BinMat, BioM2, bmstdr, BNPmix, BREADR, bSi, calibmsm, ClusROC, clustEff, coda4microbiome, CohortCharacteristics, CompAREdesign, conformalInference.fd, convergEU, corx, CovidMutations, Coxmos, CRMetrics, csa, csmpv, cvCovEst, dae, ddtlcm, dfoliatR, did, digitalDLSorteR, diversityForest, dPCP, dtComb, ecocbo, EEAaq, ENMTools, entropart, esmtools, fastai, finnsurveytext, FRK, FuncNN, GABB, geneHapR, geocausal, gfoRmula, ggESDA, ggquickeda, ggScatRidges, GNAR, grapesAgri1, hdcuremodels, hdpGLM, heiscore, hJAM, HS, HYPEtools, iCellR, IDEATools, iemisc, iglu, ImFoR, iNEXT.4steps, insane, IRon, jskm, lehuynh, longreadvqs, LTCDM, mc2d, meconetcomp, MERO, MetaIntegrator, metaviz, miceRanger, missingHE, MSigSeg, MSPRT, neonPlantEcology, nlmixr2rpt, OenoKPM, ofpetrial, OSLdecomposition, ParBayesianOptimization, pbcc, pctax, popstudy, PRECAST, pRecipe, predRupdate, promotionImpact, QuadratiK, reappraised, reservoirnet, rfVarImpOOB, riskCommunicator, rPACI, rrtable, rSAFE, RVA, scITD, SCOUTer, scSpatialSIM, SHAPforxgboost, ShellChron, sievePH, sigminer, simET, SIPmg, SKFCPD, smplot2, SouthParkRshiny, SpatialDDLS, SRTsim, surtvep, survminer, symptomcheckR, TCIU, TestGardener, tipsae, trawl, UCSCXenaShiny, UNCOVER, UniprotR, vaccine, VALERIE, vDiveR, vici, viewpoly, vmeasur, volcano3D, vsd, vvshiny, WINS, OutliersO3, polymapR, generalCorr, accelmissing, autoReg, BaM, bootImpute, CALIBERrfimpute, dlookr, gFormulaMI, ggmice, HardyWeinberg, hhsmm, hot.deck, howManyImputations, idem, ImputeRobust, intmed, logistf, MatchThem, mi4p, micd, miceadds, mifa, MIIPW, mixgb, MixtureMissing, mlim, MRPC, MSiP, NIMAA, RBtest, realTimeloads, RfEmpImp, rqlm, semmcci, seqimpute, SLOPE, smdi, sociome, StackImpute, superMICE, TestDataImputation, vsmi, geneticae, imp4p, INSPIRE, bootnet, NetworkComparisonTest, NetworkComparr, cdparcoord, biospear, plasma, HCD, NetworkReg, CMMs, symbolicDA, EMSS, HeckmanEM, localIV, ssmrob, xtsum, bmem, bmemLavaan, dsem, faoutlier, fungible, MBESS, phylosem, qtlnet, stablespec, phm, powerly, eselect, PPLasso, WLogit, asremlPlus, edibble, growthPheno, imageData, NVCSSL, did2s, optic, alookr, gtexture, inpdfr, IDE, cdmTools, Rnest, practicalSigni, compareGroups, ToolsForCoDa, RNAseqNet, AUtests, mDAG, pogit, apa, auRoc, CoTiMA, iGasso, iMediate, predictionInterval, sprtt, AnnuityRIR, CloneSeeker, CopulaREMADA, CPP, handwriter, iCARH, OSCV, rriskDistributions, RSurveillance, stratifyR, Umpire, BIFIEsurvey, Conigrave, mdmb, MKinfer, ProFAST, evapoRe, webr, geneSLOPE, allMT, BRACE, CondiS, FlexVarJM, GFDsurv, GofCens, IDMIR, LongCART, MetabolicSurv, MicrobiomeSurv, MiMIR, NADA2, Oncofilterfast, OneSampleLogRankTest, pathwayTMB, PMAPscore, ProgModule, rcssci, reconstructKM, signatureSurvival, SMDIC, survival666, survivalAnalysis, SurvMetrics, tinyarray, DIFplus, cdcatR, MKpower, npboottprm, decisionSupport, bootwar, npboottprmFBar	1183	2024-06-24 14:15:06.648295
rsparse	2024-07-03	Dmitriy Selivanov	LSX, PsychWordVec, text2vec, conText, occupationMeasurement, regtools, text2map, textmineR, wactor, wordsalad, partools, qeML, toweranNA, LDABiplots, LDAShiny, MadanText, MadanTextNetwork, cdparcoord	18	2024-06-24 14:15:06.648295
rrapply	2024-07-03	Joris Chau	ANOFA, ANOPA, bartMan, df2yaml, OnboardClient, otpr, potions, galah	8	2024-06-24 14:15:06.648295
nseval	2024-07-03	Peter Meilstrup	async	1	2024-06-24 14:15:06.648295
DMCfun	2024-07-03	Ian G. Mackenzie		0	2024-06-24 14:15:06.648295
FLSSS	2024-07-03	Charlie Wusuo Liu		0	2024-06-24 14:15:06.648295
lrstat	2024-07-03	Kaifeng Lu		0	2024-06-24 14:15:06.648295
luajr	2024-07-03	Nicholas Davies		0	2024-06-24 14:15:06.648295
magi	2024-07-03	Shihao Yang		0	2024-06-24 14:15:06.648295
pedmod	2024-07-03	Benjamin Christoffersen		0	2024-06-24 14:15:06.648295
RCPA	2024-07-03	Ha Nguyen		0	2024-06-24 14:15:06.648295
scellpam	2024-07-03	Juan Domingo		0	2024-06-24 14:15:06.648295
sentopics	2024-07-03	Olivier Delmarcelle		0	2024-06-24 14:15:06.648295
supc	2024-07-03	Wush Wu		0	2024-06-24 14:15:06.648295
xrnet	2024-07-03	Garrett Weaver		0	2024-06-24 14:15:06.648295
bsvars	2024-07-04	Tomasz Woźniak		0	2024-06-24 14:15:06.648295
eph	2024-07-04	Carolina Pradier		0	2024-06-24 14:15:06.648295
effectsize	2024-07-05	Mattan S. Ben-Shachar	bruceR, easystats, modelbased, multifear, psycho, report, see, sjstats, statsExpressions, visvow, volker, ChineseNames, PsychWordVec, TestAnaAPP, CLUSTShiny, KNNShiny, PREPShiny, STAT, STAT2, SqueakR, jsmodule, adventr, CGPfunctions, rosetta, sjPlot, ggstatsplot, BioM2, Multiaovbay, hypsoLoop, opinAr, regtomean	31	2024-06-24 14:15:06.648295
tables	2024-07-05	Duncan Murdoch	IGoRRR, modelsummary, T2Qv, tablesgg, panelsummary	5	2024-06-24 14:15:06.648295
tidysdm	2024-07-05	Andrea Manica		0	2024-06-24 14:15:06.648295
this.path	2024-07-14	Iris Simmons	apmx, neptune, ptspotter	3	2024-06-24 14:15:06.648295
